1001
1003
53
53
1003
53
53
1002
1002
1003
1002
1002
1000
1003
1002
1002
1003
1003
1000
1002
1001
1002
1000
1001
1002
1000
1000
1001
1002
1003
1002
1002
1002
57
1003
1003
1002
1002
1002
1000
1001
1002
1000
1001
1002
1000
1001
1002
1000
1001
1002
1000
1001
1002
1000
1003
1003
1002
1002
1001
1001
1002
1003
1003
1003
1002
1002
13
1002
1003
1002
1003
1003
1003
1003
1002
1002
67
1000
1001
1000
1002
1000
1001
1002
1000
1001
1000
1001
1001
1001
1000
1002
1000
1001
1002
1000
1001
1002
1000
1001
1002
1001
1001
1001
1001
1002
1000
1001
1002
1000
1002
1003
1002
1002
