0.1054 -0.1148 0.1156 -0.1154 0.1085 0.0956 -0.1130 -0.0682 -0.1149 -0.0801 -0.1085 0.1132 0.1141 -0.1008 -0.1138 -0.0990 
-0.0335 -0.0181 0.0066 -0.0125 -0.0148 -0.0129 0.0322 -0.0362 0.0030 0.0060 0.0353 -0.0171 0.0183 0.0270 -0.0224 -0.0129 
-0.0159 -0.0115 -0.0019 0.0044 0.0066 0.0068 -0.0128 0.0116 -0.0107 -0.0010 0.0031 0.0146 0.0125 0.0106 -0.0039 0.0149 
-0.0291 0.0337 -0.0142 -0.0063 -0.0147 -0.0210 -0.0033 0.0245 0.0210 -0.0072 -0.0277 0.0014 -0.0187 -0.0120 0.0260 -0.0183 
-0.0018 -0.0165 0.0313 -0.0256 -0.0399 0.0395 -0.0368 -0.0263 -0.0036 0.0115 -0.0301 -0.0126 -0.0023 0.0006 -0.0156 0.0059 
-0.0021 0.0075 0.0321 0.0177 0.0215 -0.0039 0.0069 0.0075 0.0226 0.0148 -0.0242 -0.0273 -0.0290 0.0323 -0.0109 0.0025 
-0.0123 -0.0161 0.0128 -0.0119 -0.0169 0.0154 -0.0018 0.0094 -0.0052 0.0057 -0.0284 0.0220 -0.0228 -0.0107 -0.0026 0.0043 
0.0181 -0.0025 -0.0067 0.0107 0.0161 0.0188 -0.0056 0.0095 0.0072 0.0000 0.0131 0.0097 -0.0004 -0.0149 -0.0097 0.0117 
-0.0922 0.0922 -0.0922 0.0921 0.0922 0.0920 -0.0922 -0.0922 -0.0922 -0.0922 -0.0922 -0.0922 0.0921 0.0913 0.0922 -0.0916 
0.0166 -0.0126 -0.0095 0.0122 -0.0146 0.0041 0.0020 0.0103 -0.0144 -0.0051 0.0003 0.0038 0.0003 0.0103 -0.0044 0.0140 
0.0078 -0.0014 -0.0015 0.0008 0.0142 0.0054 0.0057 -0.0105 0.0124 0.0072 -0.0035 -0.0002 -0.0070 -0.0087 0.0138 -0.0085 
-0.0061 -0.0118 -0.0200 -0.0015 0.0143 0.0036 -0.0110 0.0191 0.0191 0.0108 0.0021 -0.0018 0.0013 0.0184 -0.0072 -0.0086 
-0.0069 0.0166 0.0194 -0.0072 -0.0018 0.0016 0.0006 -0.0059 -0.0131 0.0229 0.0231 0.0021 -0.0244 0.0219 0.0141 -0.0034 
-0.0217 0.0145 0.0218 0.0230 -0.0078 -0.0187 0.0202 -0.0106 0.0215 -0.0039 0.0139 -0.0037 -0.0077 -0.0218 0.0124 0.0129 
0.0445 0.0072 -0.0454 -0.0187 -0.0489 0.0153 0.0289 -0.0158 0.0021 0.0160 0.0478 0.0123 0.0007 0.0168 -0.0540 0.0120 
-0.0040 0.0206 0.0014 0.0121 -0.0180 -0.0042 -0.0195 -0.0224 0.0151 0.0149 -0.0028 -0.0140 0.0191 -0.0150 0.0195 0.0134 
0.0059 -0.0115 -0.0092 0.0081 0.0045 0.0098 -0.0080 -0.0078 0.0004 -0.0105 0.0076 -0.0122 0.0058 0.0088 0.0032 -0.0092 
0.0085 -0.0098 0.0116 0.0115 0.0018 0.0136 0.0116 -0.0030 0.0088 -0.0044 0.0024 0.0065 0.0004 0.0005 0.0007 -0.0073 
0.0119 0.0302 -0.0800 -0.0469 0.0088 -0.0462 -0.0111 -0.0794 -0.0302 -0.0478 -0.0751 -0.0798 -0.0761 0.0389 -0.0541 0.0697 
0.0114 -0.0120 0.0088 -0.0022 -0.0127 0.0060 0.0101 0.0123 -0.0143 -0.0028 0.0039 0.0016 0.0132 -0.0108 0.0092 -0.0003 
0.0483 0.0545 0.0357 -0.0205 -0.0602 -0.0498 -0.0106 -0.0093 -0.0135 0.0029 0.0003 -0.0009 -0.0408 0.0314 -0.0189 -0.0609 
0.0131 -0.0140 0.0012 0.0168 0.0145 -0.0060 0.0125 0.0161 0.0109 -0.0029 -0.0024 0.0078 0.0034 -0.0108 -0.0132 -0.0042 
-0.1109 0.1135 0.0724 -0.0822 -0.1133 -0.0838 0.0383 -0.0005 0.0585 -0.0982 0.1350 0.1222 0.0955 -0.0362 -0.1247 0.0455 
0.0010 0.0027 0.0027 -0.0044 0.0156 -0.0045 -0.0084 0.0070 0.0112 0.0077 -0.0043 -0.0041 0.0164 0.0022 0.0105 -0.0165 
-0.0010 0.0020 -0.0101 0.0025 0.0098 0.0154 -0.0175 -0.0016 -0.0188 -0.0178 -0.0038 0.0150 -0.0032 -0.0020 0.0017 0.0179 
-0.0189 -0.0153 -0.0068 0.0180 -0.0003 0.0039 0.0058 -0.0080 -0.0075 -0.0188 0.0074 -0.0095 0.0035 -0.0010 -0.0077 -0.0173 
-0.0462 0.0050 0.0124 0.0265 -0.0061 0.0183 -0.0263 -0.0034 0.0234 0.0132 -0.0156 -0.0331 -0.0405 0.0373 -0.0381 -0.0381 
0.0240 -0.0030 -0.0210 -0.0005 -0.0223 0.0101 0.0139 -0.0074 0.0114 -0.0012 0.0051 -0.0084 0.0217 0.0199 -0.0053 0.0230 
-0.0008 -0.0105 0.0054 0.0087 0.0044 0.0104 -0.0029 -0.0012 0.0025 0.0045 0.0023 0.0043 0.0019 0.0047 0.0067 0.0019 
-0.0677 0.0724 -0.0825 -0.0606 0.0158 0.0708 0.0068 -0.0354 -0.0312 -0.0697 0.0280 -0.0408 -0.0868 -0.0906 -0.0454 0.0034 
-0.0128 -0.0138 -0.0023 0.0073 0.0141 0.0081 -0.0086 0.0031 -0.0002 0.0086 -0.0055 -0.0119 0.0005 -0.0109 0.0048 0.0048 
0.0487 0.0242 0.0356 0.0070 0.0106 -0.0107 0.0387 0.0444 0.0034 0.0032 -0.0263 0.0087 0.0066 0.0003 -0.0394 0.0117 
0.0008 0.0011 -0.0058 0.0005 -0.0088 0.0032 -0.0174 0.0137 -0.0057 -0.0033 0.0174 0.0179 0.0020 0.0022 0.0028 0.0015 
-0.0065 -0.0025 -0.0124 0.0124 0.0097 0.0154 0.0107 -0.0048 0.0008 -0.0132 0.0135 -0.0128 0.0025 -0.0144 0.0065 -0.0125 
0.0025 -0.0173 0.0045 0.0152 0.0063 0.0095 0.0070 -0.0195 -0.0142 0.0021 0.0173 0.0083 -0.0166 -0.0008 -0.0110 -0.0046 
0.0132 -0.0054 -0.0071 0.0069 -0.0057 -0.0123 -0.0147 0.0117 -0.0097 0.0161 0.0147 0.0095 -0.0157 0.0050 0.0127 0.0029 
0.0211 -0.0004 -0.0040 -0.0104 -0.0249 -0.0338 -0.0081 -0.0108 0.0160 -0.0155 -0.0379 0.0249 0.0279 -0.0168 -0.0304 0.0188 
0.0095 -0.0032 -0.0051 0.0300 0.0049 -0.0016 0.0208 0.0178 -0.0024 0.0173 0.0044 -0.0008 -0.0044 -0.0027 -0.0267 -0.0211 
0.0173 0.0011 0.0018 -0.0124 0.0060 0.0176 0.0022 -0.0064 -0.0082 0.0053 -0.0150 -0.0155 0.0173 -0.0087 0.0116 0.0039 
0.0080 -0.0101 0.0030 -0.0073 0.0071 -0.0030 -0.0151 -0.0124 -0.0111 0.0056 0.0052 0.0044 -0.0141 0.0079 0.0103 -0.0159 
-0.0065 -0.0043 -0.0068 0.0104 -0.0054 0.0076 -0.0068 0.0020 -0.0018 -0.0040 0.0045 -0.0030 0.0030 -0.0006 0.0126 -0.0042 
0.0080 0.0028 0.0055 -0.0043 0.0197 0.0089 0.0021 -0.0131 -0.0052 -0.0124 0.0122 -0.0007 0.0168 0.0035 0.0018 -0.0137 
0.0260 0.0175 -0.0270 -0.0181 0.0047 -0.0123 0.0179 -0.0307 0.0091 -0.0025 -0.0069 -0.0148 0.0272 -0.0077 0.0061 0.0084 
0.0105 -0.0062 -0.0111 0.0101 0.0107 0.0019 -0.0092 -0.0041 0.0065 0.0096 0.0072 0.0044 -0.0002 -0.0035 0.0083 -0.0021 
-0.0282 0.0320 0.0093 0.0160 -0.0215 -0.0071 0.0165 0.0281 0.0282 -0.0304 -0.0286 0.0234 -0.0016 0.0174 -0.0046 -0.0058 
0.0252 -0.0017 -0.0080 0.0226 -0.0247 -0.0022 -0.0142 0.0177 -0.0073 -0.0248 0.0007 0.0197 -0.0055 -0.0075 -0.0125 0.0017 
-0.0096 0.0171 -0.0114 0.0000 -0.0088 0.0199 -0.0058 -0.0146 -0.0193 -0.0002 0.0207 0.0017 -0.0122 -0.0038 0.0202 -0.0139 
0.0145 -0.0070 -0.0154 0.0163 0.0105 -0.0063 0.0096 -0.0136 -0.0045 -0.0089 -0.0189 0.0107 0.0049 -0.0086 -0.0071 0.0156 
-0.0182 0.0028 -0.0049 -0.0019 0.0004 0.0151 0.0071 0.0035 -0.0124 0.0056 -0.0215 -0.0004 -0.0263 -0.0236 0.0095 0.0216 
-0.0147 0.0334 0.0403 -0.0425 -0.0487 0.0098 -0.0250 -0.0015 0.0425 -0.0247 -0.0286 -0.0034 0.0090 0.0100 -0.0145 0.0294 
-0.0000 0.0000 -0.0000 0.0000 0.0000 0.0000 -0.0000 0.0000 -0.0000 -0.0000 -0.0000 -0.0000 -0.0000 -0.0000 -0.0000 0.0000 
