-0.0131 -0.0888 -0.1019 0.0556 -0.0238 0.0920 0.0425 -0.0019 -0.0107 -0.0801 0.1005 0.0926 -0.0777 -0.0394 -0.0326 -0.0543 
0.0594 -0.1484 0.0491 0.0199 0.0934 -0.1323 0.1238 -0.1180 0.1285 -0.0111 0.1215 -0.1630 -0.1482 0.1546 0.0736 -0.0034 
-0.0056 0.0027 -0.0029 -0.0009 0.0020 0.0056 0.0050 -0.0046 -0.0051 0.0049 -0.0053 -0.0036 -0.0035 -0.0011 -0.0007 0.0047 
-0.0029 -0.0288 -0.0034 -0.0182 -0.0217 -0.0123 -0.0081 -0.0296 0.0203 -0.0175 -0.0290 0.0240 -0.0198 0.0215 -0.0116 -0.0171 
0.0008 0.0021 0.0042 -0.0070 0.0013 0.0022 -0.0043 0.0030 -0.0001 -0.0028 0.0077 0.0049 0.0067 -0.0053 0.0023 -0.0060 
-0.0019 -0.0061 -0.0002 0.0007 -0.0017 0.0050 0.0017 -0.0046 -0.0052 0.0029 -0.0067 -0.0023 0.0003 -0.0021 0.0012 -0.0061 
0.0100 -0.0053 -0.0057 -0.0003 0.0084 0.0016 -0.0088 -0.0032 0.0104 0.0104 -0.0100 0.0055 -0.0064 0.0039 0.0111 0.0019 
0.0039 -0.0006 -0.0066 -0.0073 -0.0030 0.0047 -0.0043 -0.0008 -0.0005 -0.0042 0.0052 0.0088 0.0020 -0.0022 -0.0082 0.0008 
0.0262 -0.0358 -0.0819 0.0022 0.0645 -0.0610 0.0655 0.0558 -0.0697 0.0774 0.0096 -0.0304 0.0189 0.0065 0.0723 -0.0308 
-0.0106 -0.0097 -0.0017 -0.0034 0.0065 0.0038 0.0062 -0.0047 0.0095 0.0017 -0.0049 0.0012 0.0098 -0.0039 -0.0084 0.0023 
0.0977 -0.1030 -0.1031 -0.0873 -0.1008 0.1040 -0.1008 -0.0973 0.1036 0.1029 0.1011 0.0916 -0.0978 0.0987 0.1030 -0.0976 
0.0050 -0.0061 0.0064 -0.0005 0.0130 0.0006 0.0074 0.0114 -0.0113 -0.0131 -0.0010 -0.0124 -0.0043 0.0019 0.0047 0.0130 
0.0037 0.0052 -0.0011 0.0089 0.0051 0.0042 -0.0019 0.0038 0.0015 -0.0069 -0.0044 0.0085 0.0045 -0.0068 -0.0025 -0.0013 
-0.0021 -0.0089 0.0089 -0.0029 0.0024 0.0038 -0.0050 0.0046 0.0045 0.0051 0.0059 -0.0097 -0.0043 -0.0013 -0.0105 -0.0107 
-0.0116 -0.0019 -0.0211 -0.0209 -0.0132 -0.0043 0.0096 0.0118 0.0006 0.0205 0.0106 -0.0101 -0.0171 -0.0166 0.0082 0.0002 
-0.0950 0.0327 0.1182 0.1008 -0.0719 -0.1153 0.0085 0.1545 0.1198 -0.0646 -0.1480 -0.1037 0.0762 -0.1429 -0.1012 0.1494 
0.0002 -0.0060 0.0092 0.0039 0.0017 0.0039 -0.0005 -0.0077 0.0035 -0.0054 -0.0026 0.0055 -0.0032 -0.0086 -0.0041 0.0007 
0.0021 -0.0045 -0.0019 0.0057 -0.0026 0.0050 0.0055 -0.0043 -0.0042 0.0059 -0.0020 0.0054 -0.0064 0.0004 0.0050 0.0002 
0.0041 0.0066 -0.0052 -0.0035 0.0011 0.0035 -0.0016 -0.0047 0.0076 0.0051 -0.0086 -0.0046 0.0061 -0.0034 0.0052 -0.0001 
-0.0013 -0.0182 -0.0036 0.0137 -0.0242 -0.0077 0.0223 -0.0153 -0.0100 -0.0105 -0.0196 -0.0096 0.0162 0.0247 0.0164 0.0022 
0.0336 -0.0436 0.0337 -0.0083 0.0224 -0.0225 0.0151 0.0142 -0.0438 0.0179 0.0379 0.0360 -0.0475 0.0175 -0.0124 -0.0021 
0.0386 0.0359 -0.0300 0.0407 -0.0426 -0.0367 -0.0559 -0.0065 -0.0018 -0.0426 0.0306 -0.0231 -0.0435 0.0099 0.0422 0.0587 
0.0851 0.1375 -0.0658 -0.0936 0.3155 -0.2960 -0.3303 -0.3296 0.1665 0.2734 0.2605 0.1690 0.0598 -0.1635 -0.1822 -0.0604 
-0.0343 -0.0016 -0.0193 -0.0231 0.0134 -0.0167 0.0113 -0.0264 -0.0055 -0.0076 -0.0026 0.0052 0.0374 -0.0141 0.0043 0.0086 
-0.0054 0.0052 0.0054 0.0056 -0.0055 0.0055 -0.0057 0.0030 0.0044 0.0044 0.0002 -0.0003 -0.0040 0.0028 0.0044 -0.0034 
-0.2280 -0.3029 -0.0814 0.3326 -0.0664 -0.3755 -0.3674 0.2908 -0.0410 0.0206 -0.0697 -0.0540 0.2850 0.3927 -0.3778 0.3034 
0.0065 -0.0073 0.0054 0.0068 0.0076 0.0054 0.0032 0.0059 0.0037 -0.0041 -0.0021 0.0059 0.0072 -0.0038 -0.0062 -0.0045 
-0.0247 -0.0015 -0.0848 0.0650 0.0089 -0.0723 0.0329 0.1050 0.0397 -0.0917 -0.0155 0.0061 -0.0977 -0.0057 -0.0228 0.1007 
-0.0002 -0.0060 0.0100 -0.0002 -0.0094 0.0032 -0.0030 0.0083 0.0087 0.0057 0.0057 0.0082 0.0116 0.0078 -0.0108 -0.0031 
-0.0026 -0.0050 -0.0046 0.0052 -0.0027 0.0047 0.0051 0.0071 0.0057 -0.0031 0.0003 0.0063 0.0036 0.0059 0.0059 -0.0036 
-0.1235 0.1232 0.0870 -0.0851 -0.0114 -0.1427 -0.1408 -0.0610 0.1290 0.1309 -0.1191 0.1241 0.0677 -0.1025 -0.1075 -0.1822 
-0.0026 -0.0023 0.0072 0.0035 -0.0056 0.0044 0.0034 -0.0076 -0.0098 -0.0060 -0.0088 0.0051 -0.0076 0.0093 -0.0097 -0.0044 
0.0066 0.0053 0.0010 -0.0049 0.0077 0.0035 0.0023 0.0045 0.0004 0.0061 0.0009 -0.0064 -0.0107 0.0054 -0.0063 -0.0027 
-0.0069 -0.0080 -0.0084 -0.0028 0.0056 0.0043 -0.0007 0.0057 0.0080 0.0003 0.0012 -0.0088 -0.0002 0.0014 -0.0035 -0.0039 
-0.0340 0.0661 0.0120 -0.0605 0.0042 -0.0602 0.0695 -0.0843 0.0840 -0.0146 -0.0469 0.0850 -0.0603 -0.0085 -0.0300 -0.0354 
0.0085 -0.0314 0.0448 -0.0490 -0.1097 -0.1091 -0.1051 -0.1318 0.0391 0.0564 -0.1217 -0.1075 -0.0661 -0.0322 -0.0240 0.0240 
-0.1157 0.1188 0.1157 0.1160 -0.1174 0.1105 0.1169 -0.1180 -0.1186 -0.1185 -0.1184 -0.1162 0.0165 -0.1053 0.0541 -0.1187 
0.0105 -0.0109 -0.0046 0.0146 -0.0067 0.0001 0.0160 0.0156 -0.0106 -0.0165 -0.0151 -0.0011 -0.0029 -0.0005 -0.0157 0.0057 
-0.0027 0.0247 -0.0054 0.0097 -0.0049 -0.0206 0.0186 -0.0006 -0.0160 0.0244 0.0176 0.0250 -0.0231 -0.0199 0.0282 -0.0392 
-0.0007 -0.0037 0.0056 0.0033 0.0029 0.0050 0.0026 0.0055 0.0054 0.0035 -0.0015 -0.0022 -0.0032 -0.0008 0.0065 0.0029 
-0.1430 -0.0416 -0.0890 0.1048 0.0959 -0.2407 -0.1811 0.2653 0.2123 0.2243 0.1586 -0.2315 -0.1969 0.0746 -0.2246 0.0530 
0.1533 -0.2045 -0.0667 0.0322 0.1798 -0.1979 -0.0024 0.1420 0.1364 0.1664 -0.1494 -0.1880 -0.0774 -0.1521 0.1259 0.0298 
0.0034 -0.0164 -0.0110 -0.0113 -0.0132 -0.0030 -0.0126 -0.0187 -0.0075 0.0222 -0.0147 -0.0008 0.0058 -0.0102 -0.0189 -0.0007 
-0.0056 -0.0022 -0.0125 -0.0081 -0.0009 0.0015 -0.0130 -0.0062 -0.0019 -0.0085 -0.0043 0.0073 -0.0043 -0.0103 -0.0050 0.0121 
-0.0106 0.0036 -0.0150 -0.0012 -0.0224 -0.0051 0.0025 -0.0072 -0.0051 0.0103 0.0148 -0.0220 0.0228 0.0183 0.0001 -0.0092 
-0.0053 0.0018 0.0004 0.0086 -0.0115 0.0017 -0.0127 0.0014 0.0076 -0.0024 -0.0059 -0.0117 0.0017 0.0037 -0.0140 0.0097 
-0.0041 -0.0042 -0.0028 -0.0040 0.0013 0.0050 0.0008 0.0067 0.0012 -0.0016 0.0070 0.0011 -0.0030 0.0000 0.0053 0.0015 
-0.0162 -0.0039 -0.0038 -0.0121 0.0167 -0.0012 0.0080 0.0076 0.0143 -0.0177 0.0115 -0.0021 0.0054 0.0125 -0.0084 0.0129 
-0.0097 0.0015 -0.0091 0.0028 -0.0015 0.0027 0.0023 -0.0103 -0.0103 0.0023 0.0019 -0.0043 -0.0082 -0.0006 0.0084 -0.0069 
0.1514 -0.0845 -0.0650 0.1315 0.1082 -0.1816 0.0103 0.0612 -0.1735 -0.0680 -0.1685 0.0934 -0.1342 -0.0564 0.0317 -0.1173 
0.0160 0.0053 0.0128 -0.0050 -0.0084 -0.0015 -0.0045 -0.0080 -0.0159 0.0172 0.0027 -0.0118 -0.0022 -0.0009 -0.0056 -0.0071 
0.0059 0.0042 -0.0083 0.0007 0.0055 0.0033 -0.0071 0.0073 0.0107 -0.0050 0.0013 -0.0075 0.0030 -0.0081 -0.0027 0.0016 
0.0212 -0.0211 0.0333 -0.0345 0.0140 -0.0143 -0.0130 0.0191 -0.0167 0.0309 0.0327 0.0169 -0.0093 -0.0172 -0.0361 -0.0269 
0.0070 -0.0052 0.0027 0.0033 0.0045 0.0054 0.0007 0.0043 -0.0055 -0.0059 0.0067 0.0040 -0.0039 -0.0027 -0.0024 -0.0073 
0.0019 -0.0091 -0.0176 -0.0109 0.0036 -0.0043 0.0194 0.0150 -0.0081 0.0165 0.0037 0.0072 -0.0128 0.0048 0.0132 -0.0142 
0.0102 0.0002 0.0138 0.0027 -0.0051 -0.0033 -0.0054 -0.0001 0.0007 -0.0074 -0.0089 0.0097 0.0048 0.0038 0.0103 -0.0123 
0.0167 0.0150 -0.0043 -0.0015 -0.0118 -0.0052 -0.0073 0.0015 -0.0092 0.0188 -0.0128 -0.0011 0.0019 -0.0205 0.0055 -0.0083 
0.0040 -0.0010 0.0378 0.0401 0.0399 -0.0257 -0.0097 -0.0077 0.0043 0.0163 -0.0317 -0.0327 -0.0231 0.0448 -0.0155 -0.0353 
0.0000 0.0000 0.0000 -0.0000 -0.0000 0.0000 0.0000 -0.0000 0.0000 0.0000 0.0000 -0.0000 0.0000 0.0000 0.0000 -0.0000 
